FS 1257.1521 19 7 6 1
BAC 1148.7246 7 15 1 5
BRU 1263.1190 20 6 6 1
SLX 1256.4976 20 8 6 1
eA 1177.0689 10 15 2 4
TEN 1226.7340 13 8 4 2
HD 1142.5113 5 19 1 6
KOG 1149.7339 8 16 1 5
GJC 1178.4584 11 19 3 5
SGP 1200.0000 0 0 0 0
FPT 1200.0000 0 0 0 0
1S 1200.0000 0 0 0 0
BOX 1200.0000 0 0 0 0
SPN 1200.0000 0 0 0 0
FPL 1200.0000 0 0 0 0
TS 1200.0000 0 0 0 0
GAM 1200.0000 0 0 0 0
FW 1200.0000 0 0 0 0
HKA 1200.0000 0 0 0 0
ONE 1200.0000 0 0 0 0
DCG 1200.0000 0 0 0 0
BMG 1200.0000 0 0 0 0
ANK 1200.0000 0 0 0 0
LIT 1200.0000 0 0 0 0
