FS 1281.6166 16 5 5 1
BAC 1106.9854 7 15 1 5
BRU 1300.0480 17 6 5 1
SLX 1330.4325 18 5 6 0
eA 1157.0227 10 15 2 4
TEN 1223.3617 10 8 3 2
HD 1116.9436 5 16 1 5
KOG 1130.8621 6 13 1 4
GJC 1152.7274 8 14 2 4
SGP 1200.0000 0 0 0 0
FPT 1200.0000 0 0 0 0
1S 1200.0000 0 0 0 0
BOX 1200.0000 0 0 0 0
SPN 1200.0000 0 0 0 0
FPL 1200.0000 0 0 0 0
TS 1200.0000 0 0 0 0
GAM 1200.0000 0 0 0 0
FW 1200.0000 0 0 0 0
HKA 1200.0000 0 0 0 0
ONE 1200.0000 0 0 0 0
DCG 1200.0000 0 0 0 0
BMG 1200.0000 0 0 0 0
ANK 1200.0000 0 0 0 0
LIT 1200.0000 0 0 0 0
